0
0 0 0 0 0
0 7 1 0 0
7 0 0 0 0
14 14 0 0 0
14 7 0 0 0
7 14 0 0 0
0 8 8 8 8 8 8 2 8 8 8 8 8 9 9
8 8 8 8 8 8 8 8 8 8 8 8 9 9 9
8 8 8 8 8 8 8 8 8 8 8 9 9 9 9
8 8 8 9 9 8 8 8 8 8 9 9 9 9 9
8 8 8 9 9 9 8 8 8 9 9 9 9 9 9
8 8 8 8 9 9 9 8 9 9 9 9 9 9 9
8 8 8 8 8 9 9 9 9 9 9 9 9 9 9
1 8 8 8 8 8 9 9 9 9 9 9 9 9 9
8 8 8 8 8 9 9 9 9 9 9 9 9 9 9
8 8 8 8 9 9 9 9 9 9 9 9 9 9 9
8 8 8 9 9 9 9 9 9 9 9 9 9 9 9
8 8 9 9 9 9 9 9 9 9 9 9 9 9 9
8 9 9 9 9 9 9 9 9 9 9 9 9 9 9
9 9 9 9 9 9 9 9 9 9 9 9 9 9 9
9 9 9 9 9 9 9 9 9 9 9 9 9 9 9
